# Uninstrumented total latency, Haicom 204s, 4800N1, cycle 1s
1.023544
0.216441
0.328521
1.014338
0.218396
0.330239
1.015195
0.217151
0.329242
1.014043
0.218018
0.331103
1.014912
0.218858
0.330814
1.015768
0.218726
0.330656
1.014628
0.217569
0.329597
1.014489
0.219423
0.331382
1.017343
0.218288
0.330230
1.015204
0.218140
0.330093
1.015062
0.218026
0.329950
1.014920
0.217866
0.329804
1.014778
0.218399
0.329669
1.014649
0.216587
0.329547
1.013621
0.217451
0.329379
1.014595
0.217313
0.329242
1.014322
0.217170
0.330095
1.014103
0.220021
0.331948
1.017168
0.216968
0.328808
1.013795
0.217733
0.329671
1.014644
0.217747
0.329588
1.015501
0.220539
0.332400
1.017363
0.218310
0.330246
1.015243
0.217174
0.330103
1.014075
0.218030
0.329970
1.014937
0.220887
0.332820
1.017795
0.216746
0.329681
1.013685
0.220602
0.332550
1.017514
0.218465
0.331394
1.015367
0.222329
0.335256
1.019225
0.218169
0.330136
1.015086
0.218043
0.330045
1.014940
0.218888
0.330904
1.015802
