# Analyzed latency, 2011-09-24T20:26:30, Generic NMEA, 19200 8N1, cycle 1s
#- Tag -  ----- Fix time -----  - Chars -  - Latency -  -- RS232 --  --Analysis-  --- Recv --
     RMC  1316895991.038000107        185  0.058912992  0.096354167  0.159091949  0.164496899
     RMC  1316895992.038000107        185  0.058913946  0.096354167  0.159089804  0.160807848
     RMC  1316895993.038000107        197  0.048910856  0.102604167  0.159446955  0.160533905
     RMC  1316895994.038000107        368  0.048910856  0.191666667  0.249092817  0.250088930
     RMC  1316895995.038000107        197  0.048910856  0.102604167  0.159092903  0.160135984
     RMC  1316895996.038000107        197  0.048911810  0.102604167  0.159086943  0.160154819
     RMC  1316895997.038000107        197  0.048910856  0.102604167  0.159267902  0.160406828
     RMC  1316895998.038000107        182  0.058913946  0.094791667  0.159094810  0.160305977
     RMC  1316895999.038000107        350  0.058914900  0.182291667  0.249102831  0.250263929
     RMC  1316896000.038000107        178  0.064208984  0.092708333  0.159193993  0.160602808
     RMC  1316896001.038000107        179  0.048986912  0.093229167  0.159092903  0.160130978
     RMC  1316896002.038000107        179  0.058912992  0.093229167  0.159102917  0.160183907
     RMC  1316896003.038000107        195  0.048910856  0.101562500  0.159096003  0.160143852
     RMC  1316896004.038000107        363  0.048913956  0.189062500  0.249099970  0.250285864
     RMC  1316896005.038000107        193  0.048914909  0.100520833  0.149142981  0.150755882
     RMC  1316896006.038000107        196  0.048918009  0.102083333  0.159109831  0.160134792
     RMC  1316896007.036999941        192  0.049911976  0.100000000  0.150097132  0.151287079
     RMC  1316896008.036999941        190  0.049911022  0.098958333  0.150091171  0.151076078
     RMC  1316896009.036999941        361  0.049911976  0.188020833  0.250098944  0.250969172
     RMC  1316896010.036999941        191  0.049911022  0.099479167  0.150098085  0.151112080
     RMC  1316896011.036999941        191  0.049914122  0.099479167  0.150088072  0.150872946
     RMC  1316896012.036999941        190  0.049911976  0.098958333  0.150078058  0.150870085
     RMC  1316896013.036999941        186  0.039916039  0.096875000  0.140167952  0.141194105
     RMC  1316896014.036999941        358  0.049911976  0.186458333  0.250113010  0.251049042
     RMC  1316896015.036999941        184  0.039911032  0.095833333  0.140105963  0.141072035
     RMC  1316896016.036999941        185  0.049911022  0.096354167  0.150094986  0.151088953
     RMC  1316896017.036999941        185  0.039911985  0.096354167  0.140107155  0.141050100
     RMC  1316896018.036999941        186  0.049913168  0.096875000  0.150094986  0.151083946
     RMC  1316896019.036999941        358  0.049915075  0.186458333  0.250096083  0.250981092
     RMC  1316896020.036999941        187  0.049913168  0.097395833  0.150096178  0.151113987
     RMC  1316896021.036999941        187  0.049911976  0.097395833  0.150074959  0.150840044
     RMC  1316896022.036999941        191  0.049911022  0.099479167  0.150094032  0.151083946
     RMC  1316896023.036999941        192  0.049911976  0.100000000  0.150094986  0.151047945
     RMC  1316896024.036000013        364  0.050915003  0.189583333  0.251098871  0.252045870
     RMC  1316896025.036000013        187  0.050910950  0.097395833  0.151093006  0.152054071
     RMC  1316896026.036000013        187  0.050941944  0.097395833  0.151130915  0.151993990
     RMC  1316896027.036000013        186  0.050911903  0.096875000  0.151099920  0.152049065
     RMC  1316896028.036000013        186  0.050913095  0.096875000  0.151100874  0.152116060
     RMC  1316896029.036000013        361  0.050910950  0.188020833  0.251105070  0.252021074
     RMC  1316896030.036000013        187  0.050910950  0.097395833  0.151102066  0.152127028
     RMC  1316896031.036000013        186  0.050911903  0.096875000  0.151093960  0.152025938
     RMC  1316896032.036000013        185  0.050911903  0.096354167  0.151400089  0.153237104
     RMC  1316896033.036000013        189  0.050910950  0.098437500  0.151093006  0.152021885
     RMC  1316896034.036000013        356  0.050911903  0.185416667  0.251096964  0.252022982
     RMC  1316896035.036000013        185  0.050971031  0.096354167  0.151089907  0.152029037
     RMC  1316896036.036000013        190  0.050915003  0.098958333  0.151108980  0.152127028
     RMC  1316896037.036000013        185  0.050910950  0.096354167  0.151092052  0.152009010
     RMC  1316896038.036000013        184  0.050910950  0.095833333  0.151093006  0.152083874
     RMC  1316896039.036000013        356  0.050910950  0.185416667  0.251096010  0.251966953
     RMC  1316896040.035000086        185  0.051911831  0.096354167  0.152102947  0.153081894
     RMC  1316896041.035000086        185  0.051911831  0.096354167  0.152096987  0.153047800
     RMC  1316896042.035000086        185  0.051920891  0.096354167  0.152097940  0.153105021
     RMC  1316896043.035000086        190  0.051911831  0.098958333  0.152092934  0.153007984
     RMC  1316896044.035000086        358  0.041984797  0.186458333  0.252096891  0.253328800
     RMC  1316896045.035000086        186  0.041985989  0.096875000  0.152179956  0.153344870
     RMC  1316896046.035000086        186  0.051911831  0.096875000  0.152096987  0.153086901
     RMC  1316896047.035000086        185  0.051911831  0.096354167  0.152093887  0.153033972
     RMC  1316896048.035000086        186  0.051911831  0.096875000  0.152107000  0.153100014
     RMC  1316896049.035000086        357  0.051910877  0.185937500  0.252102852  0.253006935
     RMC  1316896050.035000086        186  0.051915884  0.096875000  0.152100801  0.153093815
     RMC  1316896051.035000086        189  0.051910877  0.098437500  0.152096033  0.153026819
     RMC  1316896052.035000086        189  0.051910877  0.098437500  0.152094841  0.153083801
     RMC  1316896053.035000086        189  0.051911831  0.098437500  0.152096987  0.153028965
     RMC  1316896054.035000086        356  0.051910877  0.185416667  0.252098799  0.253033876
     RMC  1316896055.035000086        184  0.051911831  0.095833333  0.152100801  0.153040886
     RMC  1316896056.033999920        185  0.053030968  0.096354167  0.153392076  0.154407978
     RMC  1316896057.033999920        185  0.052914143  0.096354167  0.153095007  0.154030085
     RMC  1316896058.033999920        184  0.052914143  0.095833333  0.153092146  0.154078007
     RMC  1316896059.033999920        357  0.052911997  0.185937500  0.253100157  0.254417181
     RMC  1316896060.033999920        184  0.052914143  0.095833333  0.153095007  0.154080153
     RMC  1316896061.033999920        183  0.052914143  0.095312500  0.153098106  0.154030085
     RMC  1316896062.033999920        184  0.052913189  0.095833333  0.153094053  0.154083967
     RMC  1316896063.033999920        188  0.052915096  0.097916667  0.153105974  0.154054165
     RMC  1316896064.033999920        354  0.052915096  0.184375000  0.253094196  0.254027128
     RMC  1316896065.033999920        183  0.052914143  0.095312500  0.153113127  0.154043198
     RMC  1316896066.033999920        183  0.052914143  0.095312500  0.153097153  0.154092073
     RMC  1316896067.033999920        191  0.052914143  0.099479167  0.153115034  0.154060125
     RMC  1316896068.033999920        183  0.052915096  0.095312500  0.153092146  0.154081106
     RMC  1316896069.033999920        354  0.052913189  0.184375000  0.253100157  0.253995180
     RMC  1316896070.033999920        183  0.053009033  0.095312500  0.153100967  0.154083014
     RMC  1316896071.033999920        182  0.052911997  0.094791667  0.153094053  0.154007196
     RMC  1316896072.033999920        182  0.052915096  0.094791667  0.153097153  0.154091120
     RMC  1316896073.032999992        199  0.043910980  0.103645833  0.154164076  0.155303955
     RMC  1316896074.032999992        370  0.043910980  0.192708333  0.254096031  0.255013943
     RMC  1316896075.032999992        183  0.053910971  0.095312500  0.154093027  0.155009031
     RMC  1316896076.032999992        182  0.053911924  0.094791667  0.154096127  0.155069113
     RMC  1316896077.032999992        199  0.043916941  0.103645833  0.154098034  0.155116081
     RMC  1316896078.032999992        199  0.043911934  0.103645833  0.154093981  0.155091047
     RMC  1316896079.032999992        369  0.043911934  0.192187500  0.254094124  0.255034924
     RMC  1316896080.032999992        198  0.043910980  0.103125000  0.154097080  0.155118942
     RMC  1316896081.032999992        199  0.043910980  0.103645833  0.154093027  0.155046940
     RMC  1316896082.032999992        199  0.043914080  0.103645833  0.154181957  0.155421019
     RMC  1316896083.032999992        185  0.053913116  0.096354167  0.154093027  0.155033112
     RMC  1316896084.032999992        356  0.053911924  0.185416667  0.254106045  0.255131960
     RMC  1316896085.032999992        199  0.043911934  0.103645833  0.154096127  0.155052900
     RMC  1316896086.032999992        199  0.043921947  0.103645833  0.154097080  0.155107021
     RMC  1316896087.032999992        199  0.043915033  0.103645833  0.154099941  0.155046940
     RMC  1316896088.032999992        182  0.043987036  0.094791667  0.154097080  0.155098915
     RMC  1316896089.032000065        357  0.054910898  0.185937500  0.255097866  0.255987883
     RMC  1316896090.032000065        199  0.044914961  0.103645833  0.155102015  0.156100035
